45060
104455
51215
16
49172
8866
100376
61475
127019
102448
104501
54
84023
47161
110651
36925
45120
41026
120916
16471
41049
86110
104544
65633
91835
110695
88172
14453
45180
51325
102531
110615
65901
125072
110747
37026
94373
73895
45224
84137
98481
51385
41146
49341
65728
110791
24776
112844
96291
90328
51418
80093
112873
67820
94446
24817
49395
110841
98555
49418
41227
100621
14040
47379
125207
280
59135
49440
51490
110883
35111
127279
43313
49463
59704
16700
28385
49480
67913
59728
49497
10589
100702
51552
125281
46139
35176
113004
4461
49527
67960
63868
29055
49544
45450
102795
92556
110997
24985
49561
51614
35237
68007
49582
90553
127421
49604
86471
25035
111052
51666
68051
37339
49629
84448
33250
66023
53741
51694
104943
111088
23029
129526
98809
68090
14079
39421
57854
66059
53772
59922
78356
74263
6680
538
68130
47651
51756
45614
125022
10807
111160
66108
105022
29254
68167
113224
33353
39501
2638
121432
42767
45666
47719
113256
123501
49780
2680
64122
45693
72323
119434
49804
68242
48238
113302
29346
129690
42778
96930
45736
51884
47789
31414
101021
2753
125643
33492
49879
29404
53986
45800
99057
105210
129792
103170
113413
105225
49932
45840
8986
111407
47911
47581
45874
123702
4928
88898
105283
52042
68436
113495
84828
47965
33635
99172
2922
29159
56173
50034
45941
60283
39744
33671
54156
68495
9104
45974
42721
103578
926
48033
111531
29614
35764
46007
127933
101311
119749
93130
39885
121806
100962
46040
2554
37858
99307
95213
35326
45908
82939
105472
72716
74771
46106
39963
58401
39977
125994
46557
111667
33851
130426
105544
103514
128097
3171
37988
40046
87156
105589
33911
3192
111124
21695
40060
46205
31872
56457
91274
100888
21656
76954
99493
70830
101551
33974
54455
46271
42179
62668
103629
13525
48344
31961
3291
2939
101607
54510
87592
134388
64758
103682
46346
85208
64788
122414
89372
125146
42271
79408
126247
3368
38185
42296
97594
77116
1342
122181
105805
5457
46425
1371
42337
11629
40311
83322
30080
128385
122243
113558
129949
48524
50580
28058
46491
62878
120232
109469
81328
58802
99763
40372
44474
122305
50640
58840
48605
30178
122343
28152
58878
103937
99844
73221
112779
106006
40474
63006
46623
42536
48686
58928
103987
83508
42553
40509
5695
75332
42593
56905
42573
126550
18007
50776
28249
46689
83554
122477
38511
50801
58995
124535
42618
44668
104190
46722
7815
104072
71323
54940
83613
46755
93862
73383
44715
48816
59063
85689
28347
46788
59089
129315
83672
57051
104157
46817
122594
38631
89833
65259
56616
106230
5417
40696
112381
46846
83711
42755
48911
50961
128786
40723
85786
122652
44829
104223
126756
50985
65326
40753
42807
104257
44875
130899
48982
14167
122715
124774
20329
104298
83821
112927
51060
128888
65403
1930
81804
40851
83869
92067
51113
104365
47022
58013
61360
34738
100295
55242
49101
47056
42962
46073
1019
40934
47090
2036
61429
90103
131549
